- OS: Windows-10-10.0.19045-SP0 10.0.19045
- Python: 3.11.9
- Stable-Baselines3: 2.3.0
- PyTorch: 2.2.2+cpu
- GPU Enabled: False
- Numpy: 1.26.4
- Cloudpickle: 3.1.1
- Gymnasium: 0.29.1
